function mpc = case_param_err_880881987543
mpc.version = '2';
mpc.baseMVA = 100;

mpc.bus = [
    1 3 0 0 0 0 1 1.06 0 0 1 1.06 0.94;
    2 2 22.407568352 13.1141068235 0 0 1 1.045 -4.98 0 1 1.06 0.94;
    3 2 97.271563998 19.6195298934 0 0 1 1.01 -12.72 0 1 1.06 0.94;
    4 1 49.3586067846 -4.02716666234 0 0 1 1.019 -10.33 0 1 1.06 0.94;
    5 1 7.84781195738 1.6521709384 0 0 1 1.02 -8.78 0 1 1.06 0.94;
    6 2 11.5651965688 7.74455127373 0 0 1 1.07 -14.22 0 1 1.06 0.94;
    7 1 0 0 0 0 1 1.062 -13.37 0 1 1.06 0.94;
    8 2 0 0 0 0 1 1.09 -13.36 0 1 1.06 0.94;
    9 1 30.4619016767 17.1412734859 0 19 1 1.056 -14.94 0 1 1.06 0.94;
    10 1 9.29346152847 5.98911965168 0 0 1 1.051 -15.1 0 1 1.06 0.94;
    11 1 3.61412392774 1.85869230569 0 0 1 1.057 -14.79 0 1 1.06 0.94;
    12 1 6.29890170263 1.6521709384 0 0 1 1.055 -15.07 0 1 1.06 0.94;
    13 1 13.9401922927 5.98911965168 0 0 1 1.05 -15.16 0 1 1.06 0.94;
    14 1 15.3858418638 5.16303418249 0 0 1 1.036 -16.04 0 1 1.06 0.94;
];

mpc.gen = [
    1 232.4 -16.9 10 0 1.06 100 1 332.4 0 0 0 0 0 0 0 0 0 0 0 0;
    2 40 42.4 50 -40 1.045 100 1 140 0 0 0 0 0 0 0 0 0 0 0 0;
    3 0 23.4 40 0 1.01 100 1 100 0 0 0 0 0 0 0 0 0 0 0 0;
    6 0 12.2 24 -6 1.07 100 1 100 0 0 0 0 0 0 0 0 0 0 0 0;
    8 0 17.4 24 -6 1.09 100 1 100 0 0 0 0 0 0 0 0 0 0 0 0;
];

mpc.branch = [
    1 2 0.01938 0.05917 0.0528 9900 0 0 0 0 1 -360 360;
    1 5 0.05403 0.22304 0.0492 9900 0 0 0 0 1 -360 360;
    2 3 0.04699 0.19797 0.0438 9900 0 0 0 0 1 -360 360;
    2 4 0.05811 0.17632 0.034 9900 0 0 0 0 1 -360 360;
    2 5 0.05695 0.17388 0.0346 9900 0 0 0 0 1 -360 360;
    3 4 0.301537277031 0.17103 0.0128 9900 0 0 0 0 1 -360 360;
    4 5 0.01335 0.04211 0 9900 0 0 0 0 1 -360 360;
    4 7 0 0.20912 0 9900 0 0 0.978 0 1 -360 360;
    4 9 0 0.55618 0 9900 0 0 0.969 0 1 -360 360;
    5 6 0 0.25202 0 9900 0 0 0.932 0 1 -360 360;
    6 11 0.09498 0.1989 0 9900 0 0 0 0 1 -360 360;
    6 12 0.12291 0.25581 0 9900 0 0 0 0 1 -360 360;
    6 13 0.06615 0.13027 0 9900 0 0 0 0 1 -360 360;
    7 8 0 0.17615 0 9900 0 0 0 0 1 -360 360;
    7 9 0 0.11001 0 9900 0 0 0 0 1 -360 360;
    9 10 0.03181 0.0845 0 9900 0 0 0 0 1 -360 360;
    9 14 0.12711 0.27038 0 9900 0 0 0 0 1 -360 360;
    10 11 0.08205 0.19207 0 9900 0 0 0 0 1 -360 360;
    12 13 0.22092 0.19988 0 9900 0 0 0 0 1 -360 360;
    13 14 0.17093 0.34802 0 9900 0 0 0 0 1 -360 360;
];

