function mpc = case_param_err_921919698903
mpc.version = '2';
mpc.baseMVA = 100;

mpc.bus = [
    1 3 0 0 0 0 1 1.06 0 0 1 1.06 0.94;
    2 2 21.5262718764 12.5983250152 0 0 1 1.045 -4.98 0 1 1.06 0.94;
    3 2 93.4458438136 18.847887818 0 0 1 1.01 -12.72 0 1 1.06 0.94;
    4 1 47.4173177738 -3.86877697317 0 0 1 1.019 -10.33 0 1 1.06 0.94;
    5 1 7.53915512721 1.5871905531 0 0 1 1.02 -8.78 0 1 1.06 0.94;
    6 2 11.1103338717 7.43995571764 0 0 1 1.07 -14.22 0 1 1.06 0.94;
    7 1 0 0 0 0 1 1.062 -13.37 0 1 1.06 0.94;
    8 2 0 0 0 0 1 1.09 -13.36 0 1 1.06 0.94;
    9 1 29.2638258227 16.4671019884 0 19 1 1.056 -14.94 0 1 1.06 0.94;
    10 1 8.92794686117 5.75356575498 0 0 1 1.051 -15.1 0 1 1.06 0.94;
    11 1 3.4719793349 1.78558937223 0 0 1 1.057 -14.79 0 1 1.06 0.94;
    12 1 6.05116398368 1.5871905531 0 0 1 1.055 -15.07 0 1 1.06 0.94;
    13 1 13.3919202918 5.75356575498 0 0 1 1.05 -15.16 0 1 1.06 0.94;
    14 1 14.7807120257 4.95997047843 0 0 1 1.036 -16.04 0 1 1.06 0.94;
];

mpc.gen = [
    1 232.4 -16.9 10 0 1.06 100 1 332.4 0 0 0 0 0 0 0 0 0 0 0 0;
    2 40 42.4 50 -40 1.045 100 1 140 0 0 0 0 0 0 0 0 0 0 0 0;
    3 0 23.4 40 0 1.01 100 1 100 0 0 0 0 0 0 0 0 0 0 0 0;
    6 0 12.2 24 -6 1.07 100 1 100 0 0 0 0 0 0 0 0 0 0 0 0;
    8 0 17.4 24 -6 1.09 100 1 100 0 0 0 0 0 0 0 0 0 0 0 0;
];

mpc.branch = [
    1 2 0.01938 0.05917 0.0528 9900 0 0 0 0 1 -360 360;
    1 5 0.05403 0.22304 0.0492 9900 0 0 0 0 1 -360 360;
    2 3 0.04699 0.19797 0.0438 9900 0 0 0 0 1 -360 360;
    2 4 0.05811 0.17632 0.034 9900 0 0 0 0 1 -360 360;
    2 5 0.0135134289817 0.0416828142156 0.0346 9900 0 0 0 0 1 -360 360;
    3 4 0.06701 0.17103 0.0128 9900 0 0 0 0 1 -360 360;
    4 5 0.01335 0.04211 0 9900 0 0 0 0 1 -360 360;
    4 7 0 0.20912 0 9900 0 0 0.978 0 1 -360 360;
    4 9 0 0.55618 0 9900 0 0 0.969 0 1 -360 360;
    5 6 0 0.25202 0 9900 0 0 0.932 0 1 -360 360;
    6 11 0.09498 0.1989 0 9900 0 0 0 0 1 -360 360;
    6 12 0.12291 0.25581 0 9900 0 0 0 0 1 -360 360;
    6 13 0.06615 0.13027 0 9900 0 0 0 0 1 -360 360;
    7 8 0 0.17615 0 9900 0 0 0 0 1 -360 360;
    7 9 0 0.11001 0 9900 0 0 0 0 1 -360 360;
    9 10 0.03181 0.0845 0 9900 0 0 0 0 1 -360 360;
    9 14 0.12711 0.27038 0 9900 0 0 0 0 1 -360 360;
    10 11 0.08205 0.19207 0 9900 0 0 0 0 1 -360 360;
    12 13 0.22092 0.19988 0 9900 0 0 0 0 1 -360 360;
    13 14 0.17093 0.34802 0 9900 0 0 0 0 1 -360 360;
];

