function mpc = case_param_err_732736486439
mpc.version = '2';
mpc.baseMVA = 100;

mpc.bus = [
    1 3 0 0 0 0 1 1.06 0 0 1 1.06 0.94;
    2 2 20.2228530706 11.8354946542 0 0 1 1.045 -4.98 0 1 1.06 0.94;
    3 2 87.7876847579 17.7066455456 0 0 1 1.01 -12.72 0 1 1.06 0.94;
    4 1 44.546192478 -3.63452198042 0 0 1 1.019 -10.33 0 1 1.06 0.94;
    5 1 7.08265821826 1.49108594069 0 0 1 1.02 -8.78 0 1 1.06 0.94;
    6 2 10.4376015848 6.98946534697 0 0 1 1.07 -14.22 0 1 1.06 0.94;
    7 1 0 0 0 0 1 1.062 -13.37 0 1 1.06 0.94;
    8 2 0 0 0 0 1 1.09 -13.36 0 1 1.06 0.94;
    9 1 27.4918970314 15.4700166346 0 19 1 1.056 -14.94 0 1 1.06 0.94;
    10 1 8.38735841636 5.40518653499 0 0 1 1.051 -15.1 0 1 1.06 0.94;
    11 1 3.26175049525 1.67747168327 0 0 1 1.057 -14.79 0 1 1.06 0.94;
    12 1 5.68476514887 1.49108594069 0 0 1 1.055 -15.07 0 1 1.06 0.94;
    13 1 12.5810376245 5.40518653499 0 0 1 1.05 -15.16 0 1 1.06 0.94;
    14 1 13.8857378226 4.65964356464 0 0 1 1.036 -16.04 0 1 1.06 0.94;
];

mpc.gen = [
    1 232.4 -16.9 10 0 1.06 100 1 332.4 0 0 0 0 0 0 0 0 0 0 0 0;
    2 40 42.4 50 -40 1.045 100 1 140 0 0 0 0 0 0 0 0 0 0 0 0;
    3 0 23.4 40 0 1.01 100 1 100 0 0 0 0 0 0 0 0 0 0 0 0;
    6 0 12.2 24 -6 1.07 100 1 100 0 0 0 0 0 0 0 0 0 0 0 0;
    8 0 17.4 24 -6 1.09 100 1 100 0 0 0 0 0 0 0 0 0 0 0 0;
];

mpc.branch = [
    1 2 0.01938 0.05917 0.0528 9900 0 0 0 0 1 -360 360;
    1 5 0.05403 0.22304 0.0492 9900 0 0 0 0 1 -360 360;
    2 3 0.04699 0.19797 0.0438 9900 0 0 0 0 1 -360 360;
    2 4 0.05811 0.17632 0.034 9900 0 0 0 0 1 -360 360;
    2 5 0.05695 0.17388 0.0346 9900 0 0 0 0 1 -360 360;
    3 4 0.06701 0.17103 0.0128 9900 0 0 0 0 1 -360 360;
    4 5 0.0398430052547 0.04211 0 9900 0 0 0 0 1 -360 360;
    4 7 0 0.20912 0 9900 0 0 0.978 0 1 -360 360;
    4 9 0 0.55618 0 9900 0 0 0.969 0 1 -360 360;
    5 6 0 0.25202 0 9900 0 0 0.932 0 1 -360 360;
    6 11 0.09498 0.1989 0 9900 0 0 0 0 1 -360 360;
    6 12 0.12291 0.25581 0 9900 0 0 0 0 1 -360 360;
    6 13 0.06615 0.13027 0 9900 0 0 0 0 1 -360 360;
    7 8 0 0.17615 0 9900 0 0 0 0 1 -360 360;
    7 9 0 0.11001 0 9900 0 0 0 0 1 -360 360;
    9 10 0.03181 0.0845 0 9900 0 0 0 0 1 -360 360;
    9 14 0.12711 0.27038 0 9900 0 0 0 0 1 -360 360;
    10 11 0.08205 0.19207 0 9900 0 0 0 0 1 -360 360;
    12 13 0.22092 0.19988 0 9900 0 0 0 0 1 -360 360;
    13 14 0.17093 0.34802 0 9900 0 0 0 0 1 -360 360;
];

