z = [ ...
    % V_mag (Buses 1-15)
    1.060, 1.045, 1.036, 1.010, 1.027, 1.032, 1.070, 1.055, 1.090, 1.049, ...
    1.046, 1.054, 1.055, 1.049, 1.031, ...
    % P_inj (Buses 1-15)
    2.3332, 0.1830, 0.0000, -0.9420, -0.4780, -0.0760, -0.1120, 0.0000, 0.0000, -0.2950, ...
    -0.0900, -0.0350, -0.0610, -0.1350, -0.1490, ...
    % Q_inj (Buses 1-15)
    -0.1983, 0.1313, 0.0000, 0.0001, 0.0390, -0.0160, 0.3452, 0.0000, 0.2157, -0.1660, ...
    -0.0580, -0.0180, -0.0160, -0.0580, -0.0500, ...
    % P_f (Branches 1-20)
    1.4083, 0.9249, 0.8133, 0.7435, 0.0000, -0.1573, -0.3824, 0.0624, 0.0770, 0.1721, ...
    0.0634, 0.1006, -0.0267, 0.0153, 0.0502, 0.2931, 0.1659, 0.4235, 0.0000, 0.2931, ...
    % Q_f (Branches 1-20)
    -0.1657, -0.0325, 0.0283, -0.1097, 0.0000, -0.0457, 0.0000, 0.0552, 0.0278, 0.0822, ...
    0.0227, 0.0235, -0.0357, 0.0103, 0.0303, -0.1282, -0.0334, -0.1334, -0.2088, 0.0603, ...
    % P_t (Branches 1-20)
    -1.3737, -0.8838, -0.7847, -0.7136, 0.0000, 0.1591, 0.3843, -0.0618, -0.0763, -0.1700, ...
    -0.0633, -0.0993, 0.0268, -0.0152, -0.0497, -0.2931, -0.1659, -0.4235, 0.0000, -0.2931, ...
    % Q_t (Branches 1-20)
    0.2127, 0.1485, 0.0458, 0.1638, -0.0369, 0.0368, 0.0058, -0.0540, -0.0263, -0.0780, ...
    -0.0223, -0.0208, 0.0360, -0.0102, -0.0292, 0.1485, 0.0485, 0.1800, 0.2157, -0.0514 ...
    ];